(kicad_pcb (version 20171130) (host pcbnew 5.1.8-4.fc33)

  (general
    (thickness 2)
    (drawings 180)
    (tracks 1300)
    (zones 0)
    (modules 102)
    (nets 84)
  )

  (page A4)
  (layers
    (0 F.Cu signal)
    (1 In1.Cu signal hide)
    (2 In2.Cu signal hide)
    (3 In3.Cu signal hide)
    (4 In4.Cu signal hide)
    (5 In5.Cu signal hide)
    (6 In6.Cu signal hide)
    (31 B.Cu signal hide)
    (32 B.Adhes user hide)
    (33 F.Adhes user hide)
    (34 B.Paste user hide)
    (35 F.Paste user hide)
    (36 B.SilkS user hide)
    (37 F.SilkS user)
    (38 B.Mask user hide)
    (39 F.Mask user hide)
    (40 Dwgs.User user)
    (41 Cmts.User user hide)
    (42 Eco1.User user hide)
    (43 Eco2.User user hide)
    (44 Edge.Cuts user)
    (45 Margin user hide)
    (46 B.CrtYd user hide)
    (47 F.CrtYd user hide)
  )

  (setup
    (last_trace_width 0.25)
    (user_trace_width 0.2)
    (user_trace_width 0.25)
    (user_trace_width 0.254)
    (trace_clearance 0.14)
    (zone_clearance 0.15)
    (zone_45_only no)
    (trace_min 0.2)
    (via_size 0.8)
    (via_drill 0.4)
    (via_min_size 0.4)
    (via_min_drill 0.3)
    (uvia_size 0.3)
    (uvia_drill 0.1)
    (uvias_allowed no)
    (uvia_min_size 0.2)
    (uvia_min_drill 0.1)
    (edge_width 0.05)
    (segment_width 0.2)
    (pcb_text_width 0.3)
    (pcb_text_size 1.5 1.5)
    (mod_edge_width 0.12)
    (mod_text_size 1 1)
    (mod_text_width 0.15)
    (pad_size 4.2 4.2)
    (pad_drill 4.2)
    (pad_to_mask_clearance 0.051)
    (solder_mask_min_width 0.25)
    (aux_axis_origin 0 0)
    (visible_elements 7FFFF7FF)
    (pcbplotparams
      (layerselection 0x010fc_ffffffff)
      (usegerberextensions false)
      (usegerberattributes false)
      (usegerberadvancedattributes false)
      (creategerberjobfile false)
      (excludeedgelayer true)
      (linewidth 0.100000)
      (plotframeref false)
      (viasonmask false)
      (mode 1)
      (useauxorigin false)
      (hpglpennumber 1)
      (hpglpenspeed 20)
      (hpglpendiameter 15.000000)
      (psnegative false)
      (psa4output false)
      (plotreference true)
      (plotvalue true)
      (plotinvisibletext false)
      (padsonsilk false)
      (subtractmaskfromsilk false)
      (outputformat 1)
      (mirror false)
      (drillshape 0)
      (scaleselection 1)
      (outputdirectory "Fabrication/"))
  )

  (net 0 "")
  (net 1 /+6V_A)
  (net 2 GND)
  (net 3 /AsicFM/Regu_Bias_LNA_X)
  (net 4 /AsicFM/V_Bias_LNA_X)
  (net 5 /AsicFM/Regu_VDD_X)
  (net 6 /AsicFM/VDD_X)
  (net 7 "Net-(CX14-Pad1)")
  (net 8 /AsicFM/In2P_X)
  (net 9 /AsicFM/In1N_X)
  (net 10 /Sx)
  (net 11 /RTNx)
  (net 12 "Net-(CX40-Pad2)")
  (net 13 /AsicFM/CAL_In_X)
  (net 14 /M_X)
  (net 15 /AsicFM/CAL_Out_X)
  (net 16 /CR_X)
  (net 17 /B_X)
  (net 18 /+6V_B)
  (net 19 /AsicFM/Regu_Bias_LNA_Y)
  (net 20 /AsicFM/V_Bias_LNA_Y)
  (net 21 /AsicFM/Regu_VDD_Y)
  (net 22 /AsicFM/VDD_Y)
  (net 23 "Net-(CY14-Pad1)")
  (net 24 /AsicFM/In2P_Y)
  (net 25 /AsicFM/In1N_Y)
  (net 26 /Sy)
  (net 27 /RTNy)
  (net 28 "Net-(CY40-Pad2)")
  (net 29 /AsicFM/CAL_In_Y)
  (net 30 /M_Y)
  (net 31 /AsicFM/CAL_Out_Y)
  (net 32 /CR_Y)
  (net 33 /B_Y)
  (net 34 /+6V_C)
  (net 35 /AsicFM/Regu_Bias_LNA_Z)
  (net 36 /AsicFM/V_Bias_LNA_Z)
  (net 37 /AsicFM/Regu_VDD_Z)
  (net 38 /AsicFM/VDD_Z)
  (net 39 "Net-(CZ14-Pad1)")
  (net 40 /AsicFM/In2P_Z)
  (net 41 /AsicFM/In1N_Z)
  (net 42 /Sz)
  (net 43 /RTNz)
  (net 44 "Net-(CZ40-Pad2)")
  (net 45 /AsicFM/CAL_In_Z)
  (net 46 /M_Z)
  (net 47 /AsicFM/CAL_Out_Z)
  (net 48 /CR_Z)
  (net 49 /B_Z)
  (net 50 /RTN_MON_B)
  (net 51 /TEMP_MON_B)
  (net 52 /TEMP_MON_A)
  (net 53 /RTN_MON_A)
  (net 54 /CAL)
  (net 55 /Chassis)
  (net 56 /AsicFM/Gain_Out2_N_X)
  (net 57 /AsicFM/Gain_Out2_P_X)
  (net 58 "Net-(RX31-Pad1)")
  (net 59 /AsicFM/In2N_X)
  (net 60 "Net-(RX33-Pad1)")
  (net 61 /AsicFM/Out2_NInv_X)
  (net 62 /AsicFM/Out2_inv_X)
  (net 63 /AsicFM/CAL_Gain_X)
  (net 64 /AsicFM/Gain_Out2_N_Y)
  (net 65 /AsicFM/Gain_Out2_P_Y)
  (net 66 "Net-(RY31-Pad1)")
  (net 67 /AsicFM/In2N_Y)
  (net 68 "Net-(RY33-Pad1)")
  (net 69 /AsicFM/Out2_NInv_Y)
  (net 70 /AsicFM/Out2_inv_Y)
  (net 71 /AsicFM/CAL_Gain_Y)
  (net 72 /AsicFM/Gain_Out2_N_Z)
  (net 73 /AsicFM/Gain_Out2_P_Z)
  (net 74 "Net-(RZ31-Pad1)")
  (net 75 /AsicFM/In2N_Z)
  (net 76 "Net-(RZ33-Pad1)")
  (net 77 /AsicFM/Out2_NInv_Z)
  (net 78 /AsicFM/Out2_inv_Z)
  (net 79 /AsicFM/CAL_Gain_Z)
  (net 80 /PWR_Shield_A)
  (net 81 /PWR_Shield_C)
  (net 82 /PWR_Shield_B)
  (net 83 /CAL_Shield)

  (net_class Default "Ceci est la Netclass par défaut."
    (clearance 0.14)
    (trace_width 0.25)
    (via_dia 0.8)
    (via_drill 0.4)
    (uvia_dia 0.3)
    (uvia_drill 0.1)
    (add_net /+6V_A)
    (add_net /+6V_B)
    (add_net /+6V_C)
    (add_net /AsicFM/CAL_Gain_X)
    (add_net /AsicFM/CAL_Gain_Y)
    (add_net /AsicFM/CAL_Gain_Z)
    (add_net /AsicFM/CAL_In_X)
    (add_net /AsicFM/CAL_In_Y)
    (add_net /AsicFM/CAL_In_Z)
    (add_net /AsicFM/CAL_Out_X)
    (add_net /AsicFM/CAL_Out_Y)
    (add_net /AsicFM/CAL_Out_Z)
    (add_net /AsicFM/Gain_Out2_N_X)
    (add_net /AsicFM/Gain_Out2_N_Y)
    (add_net /AsicFM/Gain_Out2_N_Z)
    (add_net /AsicFM/Gain_Out2_P_X)
    (add_net /AsicFM/Gain_Out2_P_Y)
    (add_net /AsicFM/Gain_Out2_P_Z)
    (add_net /AsicFM/In1N_X)
    (add_net /AsicFM/In1N_Y)
    (add_net /AsicFM/In1N_Z)
    (add_net /AsicFM/In2N_X)
    (add_net /AsicFM/In2N_Y)
    (add_net /AsicFM/In2N_Z)
    (add_net /AsicFM/In2P_X)
    (add_net /AsicFM/In2P_Y)
    (add_net /AsicFM/In2P_Z)
    (add_net /AsicFM/Out2_NInv_X)
    (add_net /AsicFM/Out2_NInv_Y)
    (add_net /AsicFM/Out2_NInv_Z)
    (add_net /AsicFM/Out2_inv_X)
    (add_net /AsicFM/Out2_inv_Y)
    (add_net /AsicFM/Out2_inv_Z)
    (add_net /AsicFM/Regu_Bias_LNA_X)
    (add_net /AsicFM/Regu_Bias_LNA_Y)
    (add_net /AsicFM/Regu_Bias_LNA_Z)
    (add_net /AsicFM/Regu_VDD_X)
    (add_net /AsicFM/Regu_VDD_Y)
    (add_net /AsicFM/Regu_VDD_Z)
    (add_net /AsicFM/VDD_X)
    (add_net /AsicFM/VDD_Y)
    (add_net /AsicFM/VDD_Z)
    (add_net /AsicFM/V_Bias_LNA_X)
    (add_net /AsicFM/V_Bias_LNA_Y)
    (add_net /AsicFM/V_Bias_LNA_Z)
    (add_net /B_X)
    (add_net /B_Y)
    (add_net /B_Z)
    (add_net /CAL)
    (add_net /CAL_Shield)
    (add_net /CR_X)
    (add_net /CR_Y)
    (add_net /CR_Z)
    (add_net /Chassis)
    (add_net /M_X)
    (add_net /M_Y)
    (add_net /M_Z)
    (add_net /PWR_Shield_A)
    (add_net /PWR_Shield_B)
    (add_net /PWR_Shield_C)
    (add_net /RTN_MON_A)
    (add_net /RTN_MON_B)
    (add_net /RTNx)
    (add_net /RTNy)
    (add_net /RTNz)
    (add_net /Sx)
    (add_net /Sy)
    (add_net /Sz)
    (add_net /TEMP_MON_A)
    (add_net /TEMP_MON_B)
    (add_net GND)
    (add_net "Net-(CX14-Pad1)")
    (add_net "Net-(CX40-Pad2)")
    (add_net "Net-(CY14-Pad1)")
    (add_net "Net-(CY40-Pad2)")
    (add_net "Net-(CZ14-Pad1)")
    (add_net "Net-(CZ40-Pad2)")
    (add_net "Net-(RX31-Pad1)")
    (add_net "Net-(RX33-Pad1)")
    (add_net "Net-(RY31-Pad1)")
    (add_net "Net-(RY33-Pad1)")
    (add_net "Net-(RZ31-Pad1)")
    (add_net "Net-(RZ33-Pad1)")
  )

  (net_class Micritech ""
    (clearance 0.2)
    (trace_width 0.25)
    (via_dia 0.8)
    (via_drill 0.4)
    (uvia_dia 0.3)
    (uvia_drill 0.1)
  )

  (module LibPersoNadj:GMR7580-15P-1BPN (layer F.Cu) (tedit 5FD0EEA2) (tstamp 5E895387)
    (at 198.821 -282.47292 180)
    (descr GMR7580-25S-1BPN)
    (tags Connector)
    (path /5DA6854A)
    (fp_text reference J405 (at 0.691 7.79708 180) (layer F.SilkS)
      (effects (font (size 1.27 1.27) (thickness 0.254)))
    )
    (fp_text value DB15_Male_MountingHoles (at 0 5.715 180) (layer F.SilkS) hide
      (effects (font (size 1.27 1.27) (thickness 0.254)))
    )
    (fp_line (start 12.945 4.935) (end 12.945 -4.935) (layer F.CrtYd) (width 0.1))
    (fp_line (start -12.875 4.935) (end 12.945 4.935) (layer F.CrtYd) (width 0.1))
    (fp_line (start -12.875 -4.935) (end -12.875 4.935) (layer F.CrtYd) (width 0.1))
    (fp_line (start 12.945 -4.935) (end -12.875 -4.935) (layer F.CrtYd) (width 0.1))
    (fp_line (start 11.875 3.935) (end 11.875 -3.935) (layer F.SilkS) (width 0.1))
    (fp_line (start -11.875 3.935) (end 11.875 3.935) (layer F.SilkS) (width 0.1))
    (fp_line (start -11.875 -3.935) (end -11.875 3.935) (layer F.SilkS) (width 0.1))
    (fp_line (start 11.875 -3.935) (end -11.875 -3.935) (layer F.SilkS) (width 0.1))
    (fp_line (start 11.875 3.935) (end 11.875 -3.935) (layer F.Fab) (width 0.2))
    (fp_line (start -11.875 3.935) (end 11.875 3.935) (layer F.Fab) (width 0.2))
    (fp_line (start -11.875 -3.935) (end -11.875 3.935) (layer F.Fab) (width 0.2))
    (fp_line (start 11.875 -3.935) (end -11.875 -3.935) (layer F.Fab) (width 0.2))
    (fp_line (start 6.415 3.935) (end 6.415 -3.935) (layer F.SilkS) (width 0.1))
    (fp_line (start -6.415 3.935) (end -6.415 -3.935) (layer F.SilkS) (width 0.1))
    (fp_line (start -6.415 3.935) (end -6.415 -3.935) (layer F.Fab) (width 0.12))
    (fp_line (start 6.415 3.935) (end 6.415 -3.935) (layer F.Fab) (width 0.12))
    (fp_text user %R (at 0 -4.7625 180) (layer F.Fab)
      (effects (font (size 1.27 1.27) (thickness 0.254)))
    )
    (pad 15 thru_hole circle (at 3.81 0 180) (size 1.3208 1.3208) (drill 0.7112) (layers *.Cu *.Mask)
      (net 55 /Chassis))
    (pad 14 thru_hole circle (at 2.8575 1.905 180) (size 1.3208 1.3208) (drill 0.7112) (layers *.Cu *.Mask)
      (net 2 GND))
    (pad 13 thru_hole circle (at 0.9525 1.905 180) (size 1.3208 1.3208) (drill 0.7112) (layers *.Cu *.Mask)
      (net 46 /M_Z))
    (pad 12 thru_hole circle (at 0 0 180) (size 1.3208 1.3208) (drill 0.7112) (layers *.Cu *.Mask)
      (net 2 GND))
    (pad 11 thru_hole circle (at -0.9525 1.905 180) (size 1.3208 1.3208) (drill 0.7112) (layers *.Cu *.Mask)
      (net 30 /M_Y))
    (pad 10 thru_hole circle (at -2.8575 1.905 180) (size 1.3208 1.3208) (drill 0.7112) (layers *.Cu *.Mask)
      (net 2 GND))
    (pad 9 thru_hole circle (at -3.81 0 180) (size 1.3208 1.3208) (drill 0.7112) (layers *.Cu *.Mask)
      (net 14 /M_X))
    (pad 8 thru_hole circle (at 4.7625 -1.905 180) (size 1.3208 1.3208) (drill 0.7112) (layers *.Cu *.Mask)
      (net 53 /RTN_MON_A))
    (pad 7 thru_hole circle (at 2.8575 -1.905 180) (size 1.3208 1.3208) (drill 0.7112) (layers *.Cu *.Mask)
      (net 52 /TEMP_MON_A))
    (pad 6 thru_hole circle (at 1.905 0 180) (size 1.3208 1.3208) (drill 0.7112) (layers *.Cu *.Mask)
      (net 48 /CR_Z))
    (pad 5 thru_hole circle (at 0.9525 -1.905 180) (size 1.3208 1.3208) (drill 0.7112) (layers *.Cu *.Mask)
      (net 49 /B_Z))
    (pad 4 thru_hole circle (at -0.9525 -1.905 180) (size 1.3208 1.3208) (drill 0.7112) (layers *.Cu *.Mask)
      (net 32 /CR_Y))
    (pad 3 thru_hole circle (at -1.905 0 180) (size 1.3208 1.3208) (drill 0.7112) (layers *.Cu *.Mask)
      (net 33 /B_Y))
    (pad 2 thru_hole circle (at -2.8575 -1.905 180) (size 1.3208 1.3208) (drill 0.7112) (layers *.Cu *.Mask)
      (net 16 /CR_X))
    (pad 1 thru_hole rect (at -4.7625 -1.905 180) (size 1.3208 1.3208) (drill 0.7112) (layers *.Cu *.Mask)
      (net 17 /B_X))
    (pad 0 thru_hole circle (at 9.08 0 180) (size 4.064 4.064) (drill 2.4384) (layers *.Cu *.Mask)
      (net 2 GND))
    (pad 0 thru_hole circle (at -9.08 0 180) (size 4.064 4.064) (drill 2.4384) (layers *.Cu *.Mask)
      (net 2 GND))
    (model GMR7580-25S-1BPN.stp
      (at (xyz 0 0 0))
      (scale (xyz 1 1 1))
      (rotate (xyz 0 0 0))
    )
    (model ${PERSO}/Connectors/MDM/gmr7580-15p1bsm.stp
      (offset (xyz 0 0 9.25))
      (scale (xyz 1 1 1))
      (rotate (xyz 0 0 0))
    )
  )

  (module LibPersoNadj:GMR7580-25S-1BPN (layer F.Cu) (tedit 5EB8792A) (tstamp 5E84B3E1)
    (at 198.821 -254.97292 180)
    (descr GMR7580-25S-1BPN)
    (tags Connector)
    (path /5E8E356A)
    (fp_text reference J404 (at 0 -4.7625) (layer F.SilkS)
      (effects (font (size 1.27 1.27) (thickness 0.254)))
    )
    (fp_text value DB25_Female_MountingHoles (at -0.119 -6.39292) (layer F.SilkS) hide
      (effects (font (size 1.27 1.27) (thickness 0.254)))
    )
    (fp_line (start 16.04 4.935) (end 16.04 -4.935) (layer F.CrtYd) (width 0.1))
    (fp_line (start -15.97 4.935) (end 16.04 4.935) (layer F.CrtYd) (width 0.1))
    (fp_line (start -15.97 -4.935) (end -15.97 4.935) (layer F.CrtYd) (width 0.1))
    (fp_line (start 16.04 -4.935) (end -15.97 -4.935) (layer F.CrtYd) (width 0.1))
    (fp_line (start 15.04 3.935) (end 15.04 -3.935) (layer F.SilkS) (width 0.1))
    (fp_line (start -14.97 3.935) (end 15.04 3.935) (layer F.SilkS) (width 0.1))
    (fp_line (start -14.97 -3.935) (end -14.97 3.935) (layer F.SilkS) (width 0.1))
    (fp_line (start 15.04 -3.935) (end -14.97 -3.935) (layer F.SilkS) (width 0.1))
    (fp_line (start 15.04 3.935) (end 15.04 -3.935) (layer F.Fab) (width 0.2))
    (fp_line (start -14.97 3.935) (end 15.04 3.935) (layer F.Fab) (width 0.2))
    (fp_line (start -14.97 -3.935) (end -14.97 3.935) (layer F.Fab) (width 0.2))
    (fp_line (start 15.04 -3.935) (end -14.97 -3.935) (layer F.Fab) (width 0.2))
    (fp_line (start -9.46 3.935) (end -9.46 -3.935) (layer F.SilkS) (width 0.1))
    (fp_line (start -9.46 3.935) (end -9.46 -3.935) (layer F.Fab) (width 0.12))
    (fp_line (start 9.46 -3.935) (end 9.46 3.935) (layer F.SilkS) (width 0.1))
    (fp_line (start 9.46 -3.935) (end 9.46 3.935) (layer F.Fab) (width 0.12))
    (fp_text user %R (at 0.035 0) (layer F.Fab)
      (effects (font (size 1.27 1.27) (thickness 0.254)))
    )
    (pad 1 thru_hole rect (at 7.62 0 180) (size 1.3208 1.3208) (drill 0.7112) (layers *.Cu *.Mask)
      (net 11 /RTNx))
    (pad 2 thru_hole circle (at 6.6675 -1.905 180) (size 1.3208 1.3208) (drill 0.7112) (layers *.Cu *.Mask)
      (net 10 /Sx))
    (pad 3 thru_hole circle (at 4.7625 -1.905 180) (size 1.3208 1.3208) (drill 0.7112) (layers *.Cu *.Mask)
      (net 2 GND))
    (pad 4 thru_hole circle (at 3.81 0 180) (size 1.3208 1.3208) (drill 0.7112) (layers *.Cu *.Mask)
      (net 42 /Sz))
    (pad 5 thru_hole circle (at 2.8575 -1.905 180) (size 1.3208 1.3208) (drill 0.7112) (layers *.Cu *.Mask)
      (net 43 /RTNz))
    (pad 6 thru_hole circle (at 0.9525 -1.905 180) (size 1.3208 1.3208) (drill 0.7112) (layers *.Cu *.Mask)
      (net 53 /RTN_MON_A))
    (pad 7 thru_hole circle (at 0 0 180) (size 1.3208 1.3208) (drill 0.7112) (layers *.Cu *.Mask)
      (net 50 /RTN_MON_B))
    (pad 8 thru_hole circle (at -0.9525 -1.905 180) (size 1.3208 1.3208) (drill 0.7112) (layers *.Cu *.Mask)
      (net 80 /PWR_Shield_A))
    (pad 9 thru_hole circle (at -2.8575 -1.905 180) (size 1.3208 1.3208) (drill 0.7112) (layers *.Cu *.Mask)
      (net 18 /+6V_B))
    (pad 10 thru_hole circle (at -3.81 0 180) (size 1.3208 1.3208) (drill 0.7112) (layers *.Cu *.Mask)
      (net 2 GND))
    (pad 11 thru_hole circle (at -4.7625 -1.905 180) (size 1.3208 1.3208) (drill 0.7112) (layers *.Cu *.Mask)
      (net 81 /PWR_Shield_C))
    (pad 12 thru_hole circle (at -6.6675 -1.905 180) (size 1.3208 1.3208) (drill 0.7112) (layers *.Cu *.Mask)
      (net 54 /CAL))
    (pad 13 thru_hole circle (at -7.62 0 180) (size 1.3208 1.3208) (drill 0.7112) (layers *.Cu *.Mask)
      (net 2 GND))
    (pad 14 thru_hole circle (at 6.6675 1.905 180) (size 1.3208 1.3208) (drill 0.7112) (layers *.Cu *.Mask)
      (net 2 GND))
    (pad 15 thru_hole circle (at 5.715 0 180) (size 1.3208 1.3208) (drill 0.7112) (layers *.Cu *.Mask)
      (net 26 /Sy))
    (pad 16 thru_hole circle (at 4.7625 1.905 180) (size 1.3208 1.3208) (drill 0.7112) (layers *.Cu *.Mask)
      (net 27 /RTNy))
    (pad 17 thru_hole circle (at 2.8575 1.905 180) (size 1.3208 1.3208) (drill 0.7112) (layers *.Cu *.Mask)
      (net 2 GND))
    (pad 18 thru_hole circle (at 1.905 0 180) (size 1.3208 1.3208) (drill 0.7112) (layers *.Cu *.Mask)
      (net 52 /TEMP_MON_A))
    (pad 19 thru_hole circle (at 0.9525 1.905 180) (size 1.3208 1.3208) (drill 0.7112) (layers *.Cu *.Mask)
      (net 51 /TEMP_MON_B))
    (pad 20 thru_hole circle (at -0.9525 1.905 180) (size 1.3208 1.3208) (drill 0.7112) (layers *.Cu *.Mask)
      (net 1 /+6V_A))
    (pad 21 thru_hole circle (at -1.905 0 180) (size 1.3208 1.3208) (drill 0.7112) (layers *.Cu *.Mask)
      (net 2 GND))
    (pad 22 thru_hole circle (at -2.8575 1.905 180) (size 1.3208 1.3208) (drill 0.7112) (layers *.Cu *.Mask)
      (net 82 /PWR_Shield_B))
    (pad 23 thru_hole circle (at -4.7625 1.905 180) (size 1.3208 1.3208) (drill 0.7112) (layers *.Cu *.Mask)
      (net 34 /+6V_C))
    (pad 24 thru_hole circle (at -5.715 0 180) (size 1.3208 1.3208) (drill 0.7112) (layers *.Cu *.Mask)
      (net 2 GND))
    (pad 25 thru_hole circle (at -6.6675 1.905 180) (size 1.3208 1.3208) (drill 0.7112) (layers *.Cu *.Mask)
      (net 83 /CAL_Shield))
    (pad 0 thru_hole circle (at 12.255 0 180) (size 4.064 4.064) (drill 2.4384) (layers *.Cu *.Mask)
      (net 2 GND))
    (pad 0 thru_hole circle (at -12.255 0 180) (size 4.064 4.064) (drill 2.4384) (layers *.Cu *.Mask)
      (net 2 GND))
    (model GMR7580-25S-1BPN.stp
      (at (xyz 0 0 0))
      (scale (xyz 1 1 1))
      (rotate (xyz 0 0 0))
    )
    (model ${PERSO}/Connectors/MDM/gmr7580-25s1bsm.stp
      (offset (xyz 0 0 9.25))
      (scale (xyz 1 1 1))
      (rotate (xyz 0 0 0))
    )
  )

  (module TestPoint:TestPoint_Pad_2.0x2.0mm (layer F.Cu) (tedit 5A0F774F) (tstamp 5E84B423)
    (at 206.1972 -275.9816)
    (descr "SMD rectangular pad as test Point, square 2.0mm side length")
    (tags "test point SMD pad rectangle square")
    (path /5D6520CE/5DA506F4)
    (attr virtual)
    (fp_text reference N_CFP64 (at 0 -1.998) (layer F.SilkS)
      (effects (font (size 1 1) (thickness 0.15)))
    )
    (fp_text value Housing_Pad (at 0 2.05) (layer F.Fab)
      (effects (font (size 1 1) (thickness 0.15)))
    )
    (fp_line (start -1.2 -1.2) (end 1.2 -1.2) (layer F.SilkS) (width 0.12))
    (fp_line (start 1.2 -1.2) (end 1.2 1.2) (layer F.SilkS) (width 0.12))
    (fp_line (start 1.2 1.2) (end -1.2 1.2) (layer F.SilkS) (width 0.12))
    (fp_line (start -1.2 1.2) (end -1.2 -1.2) (layer F.SilkS) (width 0.12))
    (fp_line (start -1.5 -1.5) (end 1.5 -1.5) (layer F.CrtYd) (width 0.05))
    (fp_line (start -1.5 -1.5) (end -1.5 1.5) (layer F.CrtYd) (width 0.05))
    (fp_line (start 1.5 1.5) (end 1.5 -1.5) (layer F.CrtYd) (width 0.05))
    (fp_line (start 1.5 1.5) (end -1.5 1.5) (layer F.CrtYd) (width 0.05))
    (fp_text user %R (at 0 -2) (layer F.Fab)
      (effects (font (size 1 1) (thickness 0.15)))
    )
    (pad 1 smd rect (at 0 0) (size 2 2) (layers F.Cu F.Mask)
      (net 2 GND))
  )

  (module Capacitor_SMD:C_1206_3216Metric (layer F.Cu) (tedit 5B301BBE) (tstamp 5E84B35F)
    (at 180.821 -269.77292 180)
    (descr "Capacitor SMD 1206 (3216 Metric), square (rectangular) end terminal, IPC_7351 nominal, (Body size source: http://www.tortai-tech.com/upload/download/2011102023233369053.pdf), generated with kicad-footprint-generator")
    (tags capacitor)
    (path /5D6520CE/5D843251/5D7F2F86)
    (attr smd)
    (fp_text reference CZ40 (at 4.031 0.08708) (layer F.SilkS)
      (effects (font (size 1 1) (thickness 0.15)))
    )
    (fp_text value 220n (at 0 1.82) (layer F.Fab)
      (effects (font (size 1 1) (thickness 0.15)))
    )
    (fp_line (start -1.6 0.8) (end -1.6 -0.8) (layer F.Fab) (width 0.1))
    (fp_line (start -1.6 -0.8) (end 1.6 -0.8) (layer F.Fab) (width 0.1))
    (fp_line (start 1.6 -0.8) (end 1.6 0.8) (layer F.Fab) (width 0.1))
    (fp_line (start 1.6 0.8) (end -1.6 0.8) (layer F.Fab) (width 0.1))
    (fp_line (start -0.602064 -0.91) (end 0.602064 -0.91) (layer F.SilkS) (width 0.12))
    (fp_line (start -0.602064 0.91) (end 0.602064 0.91) (layer F.SilkS) (width 0.12))
    (fp_line (start -2.28 1.12) (end -2.28 -1.12) (layer F.CrtYd) (width 0.05))
    (fp_line (start -2.28 -1.12) (end 2.28 -1.12) (layer F.CrtYd) (width 0.05))
    (fp_line (start 2.28 -1.12) (end 2.28 1.12) (layer F.CrtYd) (width 0.05))
    (fp_line (start 2.28 1.12) (end -2.28 1.12) (layer F.CrtYd) (width 0.05))
    (fp_text user %R (at 0 0) (layer F.Fab)
      (effects (font (size 0.8 0.8) (thickness 0.12)))
    )
    (pad 2 smd roundrect (at 1.4 0 180) (size 1.25 1.75) (layers F.Cu F.Paste F.Mask) (roundrect_rratio 0.2)
      (net 44 "Net-(CZ40-Pad2)"))
    (pad 1 smd roundrect (at -1.4 0 180) (size 1.25 1.75) (layers F.Cu F.Paste F.Mask) (roundrect_rratio 0.2)
      (net 45 /AsicFM/CAL_In_Z))
    (model ${KISYS3DMOD}/Capacitor_SMD.3dshapes/C_1206_3216Metric.wrl
      (at (xyz 0 0 0))
      (scale (xyz 1 1 1))
      (rotate (xyz 0 0 0))
    )
  )

  (module Capacitor_SMD:C_1206_3216Metric (layer F.Cu) (tedit 5B301BBE) (tstamp 5E84B2E8)
    (at 180.821 -274.57292 180)
    (descr "Capacitor SMD 1206 (3216 Metric), square (rectangular) end terminal, IPC_7351 nominal, (Body size source: http://www.tortai-tech.com/upload/download/2011102023233369053.pdf), generated with kicad-footprint-generator")
    (tags capacitor)
    (path /5D6520CE/5D843251/5D7F1C31)
    (attr smd)
    (fp_text reference CZ11 (at 4.041 -0.00292) (layer F.SilkS)
      (effects (font (size 1 1) (thickness 0.15)))
    )
    (fp_text value 220n (at 0 1.82) (layer F.Fab)
      (effects (font (size 1 1) (thickness 0.15)))
    )
    (fp_line (start -1.6 0.8) (end -1.6 -0.8) (layer F.Fab) (width 0.1))
    (fp_line (start -1.6 -0.8) (end 1.6 -0.8) (layer F.Fab) (width 0.1))
    (fp_line (start 1.6 -0.8) (end 1.6 0.8) (layer F.Fab) (width 0.1))
    (fp_line (start 1.6 0.8) (end -1.6 0.8) (layer F.Fab) (width 0.1))
    (fp_line (start -0.602064 -0.91) (end 0.602064 -0.91) (layer F.SilkS) (width 0.12))
    (fp_line (start -0.602064 0.91) (end 0.602064 0.91) (layer F.SilkS) (width 0.12))
    (fp_line (start -2.28 1.12) (end -2.28 -1.12) (layer F.CrtYd) (width 0.05))
    (fp_line (start -2.28 -1.12) (end 2.28 -1.12) (layer F.CrtYd) (width 0.05))
    (fp_line (start 2.28 -1.12) (end 2.28 1.12) (layer F.CrtYd) (width 0.05))
    (fp_line (start 2.28 1.12) (end -2.28 1.12) (layer F.CrtYd) (width 0.05))
    (fp_text user %R (at 0 0) (layer F.Fab)
      (effects (font (size 0.8 0.8) (thickness 0.12)))
    )
    (pad 2 smd roundrect (at 1.4 0 180) (size 1.25 1.75) (layers F.Cu F.Paste F.Mask) (roundrect_rratio 0.2)
      (net 2 GND))
    (pad 1 smd roundrect (at -1.4 0 180) (size 1.25 1.75) (layers F.Cu F.Paste F.Mask) (roundrect_rratio 0.2)
      (net 36 /AsicFM/V_Bias_LNA_Z))
    (model ${KISYS3DMOD}/Capacitor_SMD.3dshapes/C_1206_3216Metric.wrl
      (at (xyz 0 0 0))
      (scale (xyz 1 1 1))
      (rotate (xyz 0 0 0))
    )
  )

  (module Capacitor_SMD:C_1206_3216Metric (layer B.Cu) (tedit 5B301BBE) (tstamp 5E84B23E)
    (at 190.621 -267.27292 90)
    (descr "Capacitor SMD 1206 (3216 Metric), square (rectangular) end terminal, IPC_7351 nominal, (Body size source: http://www.tortai-tech.com/upload/download/2011102023233369053.pdf), generated with kicad-footprint-generator")
    (tags capacitor)
    (path /5D6520CE/5D83A418/5D7F2F86)
    (attr smd)
    (fp_text reference CY40 (at 0.46708 -1.611 90) (layer B.SilkS)
      (effects (font (size 1 1) (thickness 0.15)) (justify mirror))
    )
    (fp_text value 220n (at 0 -1.82 90) (layer B.Fab)
      (effects (font (size 1 1) (thickness 0.15)) (justify mirror))
    )
    (fp_line (start -1.6 -0.8) (end -1.6 0.8) (layer B.Fab) (width 0.1))
    (fp_line (start -1.6 0.8) (end 1.6 0.8) (layer B.Fab) (width 0.1))
    (fp_line (start 1.6 0.8) (end 1.6 -0.8) (layer B.Fab) (width 0.1))
    (fp_line (start 1.6 -0.8) (end -1.6 -0.8) (layer B.Fab) (width 0.1))
    (fp_line (start -0.602064 0.91) (end 0.602064 0.91) (layer B.SilkS) (width 0.12))
    (fp_line (start -0.602064 -0.91) (end 0.602064 -0.91) (layer B.SilkS) (width 0.12))
    (fp_line (start -2.28 -1.12) (end -2.28 1.12) (layer B.CrtYd) (width 0.05))
    (fp_line (start -2.28 1.12) (end 2.28 1.12) (layer B.CrtYd) (width 0.05))
    (fp_line (start 2.28 1.12) (end 2.28 -1.12) (layer B.CrtYd) (width 0.05))
    (fp_line (start 2.28 -1.12) (end -2.28 -1.12) (layer B.CrtYd) (width 0.05))
    (fp_text user %R (at 0 0 90) (layer B.Fab)
      (effects (font (size 0.8 0.8) (thickness 0.12)) (justify mirror))
    )
    (pad 2 smd roundrect (at 1.4 0 90) (size 1.25 1.75) (layers B.Cu B.Paste B.Mask) (roundrect_rratio 0.2)
      (net 28 "Net-(CY40-Pad2)"))
    (pad 1 smd roundrect (at -1.4 0 90) (size 1.25 1.75) (layers B.Cu B.Paste B.Mask) (roundrect_rratio 0.2)
      (net 29 /AsicFM/CAL_In_Y))
    (model ${KISYS3DMOD}/Capacitor_SMD.3dshapes/C_1206_3216Metric.wrl
      (at (xyz 0 0 0))
      (scale (xyz 1 1 1))
      (rotate (xyz 0 0 0))
    )
  )

  (module Capacitor_SMD:C_1206_3216Metric (layer B.Cu) (tedit 5B301BBE) (tstamp 5E84B1C7)
    (at 181.811 -262.58292 180)
    (descr "Capacitor SMD 1206 (3216 Metric), square (rectangular) end terminal, IPC_7351 nominal, (Body size source: http://www.tortai-tech.com/upload/download/2011102023233369053.pdf), generated with kicad-footprint-generator")
    (tags capacitor)
    (path /5D6520CE/5D83A418/5D7F1C31)
    (attr smd)
    (fp_text reference CY11 (at 0.191 -1.60292) (layer B.SilkS)
      (effects (font (size 1 1) (thickness 0.15)) (justify mirror))
    )
    (fp_text value 220n (at 0 -1.82) (layer B.Fab)
      (effects (font (size 1 1) (thickness 0.15)) (justify mirror))
    )
    (fp_line (start -1.6 -0.8) (end -1.6 0.8) (layer B.Fab) (width 0.1))
    (fp_line (start -1.6 0.8) (end 1.6 0.8) (layer B.Fab) (width 0.1))
    (fp_line (start 1.6 0.8) (end 1.6 -0.8) (layer B.Fab) (width 0.1))
    (fp_line (start 1.6 -0.8) (end -1.6 -0.8) (layer B.Fab) (width 0.1))
    (fp_line (start -0.602064 0.91) (end 0.602064 0.91) (layer B.SilkS) (width 0.12))
    (fp_line (start -0.602064 -0.91) (end 0.602064 -0.91) (layer B.SilkS) (width 0.12))
    (fp_line (start -2.28 -1.12) (end -2.28 1.12) (layer B.CrtYd) (width 0.05))
    (fp_line (start -2.28 1.12) (end 2.28 1.12) (layer B.CrtYd) (width 0.05))
    (fp_line (start 2.28 1.12) (end 2.28 -1.12) (layer B.CrtYd) (width 0.05))
    (fp_line (start 2.28 -1.12) (end -2.28 -1.12) (layer B.CrtYd) (width 0.05))
    (fp_text user %R (at 0 0) (layer B.Fab)
      (effects (font (size 0.8 0.8) (thickness 0.12)) (justify mirror))
    )
    (pad 2 smd roundrect (at 1.4 0 180) (size 1.25 1.75) (layers B.Cu B.Paste B.Mask) (roundrect_rratio 0.2)
      (net 2 GND))
    (pad 1 smd roundrect (at -1.4 0 180) (size 1.25 1.75) (layers B.Cu B.Paste B.Mask) (roundrect_rratio 0.2)
      (net 20 /AsicFM/V_Bias_LNA_Y))
    (model ${KISYS3DMOD}/Capacitor_SMD.3dshapes/C_1206_3216Metric.wrl
      (at (xyz 0 0 0))
      (scale (xyz 1 1 1))
      (rotate (xyz 0 0 0))
    )
  )

  (module Capacitor_SMD:C_1206_3216Metric (layer B.Cu) (tedit 5B301BBE) (tstamp 5E84B11D)
    (at 207.341 -260.36292 90)
    (descr "Capacitor SMD 1206 (3216 Metric), square (rectangular) end terminal, IPC_7351 nominal, (Body size source: http://www.tortai-tech.com/upload/download/2011102023233369053.pdf), generated with kicad-footprint-generator")
    (tags capacitor)
    (path /5D6520CE/5D5EAAA6/5D7F2F86)
    (attr smd)
    (fp_text reference CX40 (at -0.08292 1.649 90) (layer B.SilkS)
      (effects (font (size 1 1) (thickness 0.15)) (justify mirror))
    )
    (fp_text value 220n (at 0 -1.82 90) (layer B.Fab)
      (effects (font (size 1 1) (thickness 0.15)) (justify mirror))
    )
    (fp_line (start -1.6 -0.8) (end -1.6 0.8) (layer B.Fab) (width 0.1))
    (fp_line (start -1.6 0.8) (end 1.6 0.8) (layer B.Fab) (width 0.1))
    (fp_line (start 1.6 0.8) (end 1.6 -0.8) (layer B.Fab) (width 0.1))
    (fp_line (start 1.6 -0.8) (end -1.6 -0.8) (layer B.Fab) (width 0.1))
    (fp_line (start -0.602064 0.91) (end 0.602064 0.91) (layer B.SilkS) (width 0.12))
    (fp_line (start -0.602064 -0.91) (end 0.602064 -0.91) (layer B.SilkS) (width 0.12))
    (fp_line (start -2.28 -1.12) (end -2.28 1.12) (layer B.CrtYd) (width 0.05))
    (fp_line (start -2.28 1.12) (end 2.28 1.12) (layer B.CrtYd) (width 0.05))
    (fp_line (start 2.28 1.12) (end 2.28 -1.12) (layer B.CrtYd) (width 0.05))
    (fp_line (start 2.28 -1.12) (end -2.28 -1.12) (layer B.CrtYd) (width 0.05))
    (fp_text user %R (at 0 0 90) (layer B.Fab)
      (effects (font (size 0.8 0.8) (thickness 0.12)) (justify mirror))
    )
    (pad 2 smd roundrect (at 1.4 0 90) (size 1.25 1.75) (layers B.Cu B.Paste B.Mask) (roundrect_rratio 0.2)
      (net 12 "Net-(CX40-Pad2)"))
    (pad 1 smd roundrect (at -1.4 0 90) (size 1.25 1.75) (layers B.Cu B.Paste B.Mask) (roundrect_rratio 0.2)
      (net 13 /AsicFM/CAL_In_X))
    (model ${KISYS3DMOD}/Capacitor_SMD.3dshapes/C_1206_3216Metric.wrl
      (at (xyz 0 0 0))
      (scale (xyz 1 1 1))
      (rotate (xyz 0 0 0))
    )
  )

  (module Capacitor_SMD:C_1206_3216Metric (layer F.Cu) (tedit 5B301BBE) (tstamp 5E84B0A6)
    (at 208.801 -261.88292 270)
    (descr "Capacitor SMD 1206 (3216 Metric), square (rectangular) end terminal, IPC_7351 nominal, (Body size source: http://www.tortai-tech.com/upload/download/2011102023233369053.pdf), generated with kicad-footprint-generator")
    (tags capacitor)
    (path /5D6520CE/5D5EAAA6/5D7F1C31)
    (attr smd)
    (fp_text reference CX11 (at 0 -1.82 90) (layer F.SilkS)
      (effects (font (size 1 1) (thickness 0.15)))
    )
    (fp_text value 220n (at 0 1.82 90) (layer F.Fab)
      (effects (font (size 1 1) (thickness 0.15)))
    )
    (fp_line (start -1.6 0.8) (end -1.6 -0.8) (layer F.Fab) (width 0.1))
    (fp_line (start -1.6 -0.8) (end 1.6 -0.8) (layer F.Fab) (width 0.1))
    (fp_line (start 1.6 -0.8) (end 1.6 0.8) (layer F.Fab) (width 0.1))
    (fp_line (start 1.6 0.8) (end -1.6 0.8) (layer F.Fab) (width 0.1))
    (fp_line (start -0.602064 -0.91) (end 0.602064 -0.91) (layer F.SilkS) (width 0.12))
    (fp_line (start -0.602064 0.91) (end 0.602064 0.91) (layer F.SilkS) (width 0.12))
    (fp_line (start -2.28 1.12) (end -2.28 -1.12) (layer F.CrtYd) (width 0.05))
    (fp_line (start -2.28 -1.12) (end 2.28 -1.12) (layer F.CrtYd) (width 0.05))
    (fp_line (start 2.28 -1.12) (end 2.28 1.12) (layer F.CrtYd) (width 0.05))
    (fp_line (start 2.28 1.12) (end -2.28 1.12) (layer F.CrtYd) (width 0.05))
    (fp_text user %R (at 0 0 90) (layer F.Fab)
      (effects (font (size 0.8 0.8) (thickness 0.12)))
    )
    (pad 2 smd roundrect (at 1.4 0 270) (size 1.25 1.75) (layers F.Cu F.Paste F.Mask) (roundrect_rratio 0.2)
      (net 2 GND))
    (pad 1 smd roundrect (at -1.4 0 270) (size 1.25 1.75) (layers F.Cu F.Paste F.Mask) (roundrect_rratio 0.2)
      (net 4 /AsicFM/V_Bias_LNA_X))
    (model ${KISYS3DMOD}/Capacitor_SMD.3dshapes/C_1206_3216Metric.wrl
      (at (xyz 0 0 0))
      (scale (xyz 1 1 1))
      (rotate (xyz 0 0 0))
    )
  )

  (module Resistor_SMD:R_0805_2012Metric_Pad1.15x1.40mm_HandSolder (layer F.Cu) (tedit 5B36C52B) (tstamp 5E84B676)
    (at 185.421 -273.63292 270)
    (descr "Resistor SMD 0805 (2012 Metric), square (rectangular) end terminal, IPC_7351 nominal with elongated pad for handsoldering. (Body size source: https://docs.google.com/spreadsheets/d/1BsfQQcO9C6DZCsRaXUlFlo91Tg2WpOkGARC1WS5S8t0/edit?usp=sharing), generated with kicad-footprint-generator")
    (tags "resistor handsolder")
    (path /5D6520CE/5D843251/5D838645)
    (attr smd)
    (fp_text reference RZ20 (at -0.01708 1.431 90) (layer F.SilkS)
      (effects (font (size 1 1) (thickness 0.15)))
    )
    (fp_text value 150k (at 0 1.65 90) (layer F.Fab)
      (effects (font (size 1 1) (thickness 0.15)))
    )
    (fp_line (start -1 0.6) (end -1 -0.6) (layer F.Fab) (width 0.1))
    (fp_line (start -1 -0.6) (end 1 -0.6) (layer F.Fab) (width 0.1))
    (fp_line (start 1 -0.6) (end 1 0.6) (layer F.Fab) (width 0.1))
    (fp_line (start 1 0.6) (end -1 0.6) (layer F.Fab) (width 0.1))
    (fp_line (start -0.261252 -0.71) (end 0.261252 -0.71) (layer F.SilkS) (width 0.12))
    (fp_line (start -0.261252 0.71) (end 0.261252 0.71) (layer F.SilkS) (width 0.12))
    (fp_line (start -1.85 0.95) (end -1.85 -0.95) (layer F.CrtYd) (width 0.05))
    (fp_line (start -1.85 -0.95) (end 1.85 -0.95) (layer F.CrtYd) (width 0.05))
    (fp_line (start 1.85 -0.95) (end 1.85 0.95) (layer F.CrtYd) (width 0.05))
    (fp_line (start 1.85 0.95) (end -1.85 0.95) (layer F.CrtYd) (width 0.05))
    (fp_text user %R (at 0 0 90) (layer F.Fab)
      (effects (font (size 0.5 0.5) (thickness 0.08)))
    )
    (pad 2 smd roundrect (at 1.025 0 270) (size 1.15 1.4) (layers F.Cu F.Paste F.Mask) (roundrect_rratio 0.217391)
      (net 48 /CR_Z))
    (pad 1 smd roundrect (at -1.025 0 270) (size 1.15 1.4) (layers F.Cu F.Paste F.Mask) (roundrect_rratio 0.217391)
      (net 40 /AsicFM/In2P_Z))
    (model ${KISYS3DMOD}/Resistor_SMD.3dshapes/R_0805_2012Metric.wrl
      (at (xyz 0 0 0))
      (scale (xyz 1 1 1))
      (rotate (xyz 0 0 0))
    )
  )

  (module Resistor_SMD:R_0805_2012Metric_Pad1.15x1.40mm_HandSolder (layer B.Cu) (tedit 5B36C52B) (tstamp 5E84B588)
    (at 180.351 -266.01292)
    (descr "Resistor SMD 0805 (2012 Metric), square (rectangular) end terminal, IPC_7351 nominal with elongated pad for handsoldering. (Body size source: https://docs.google.com/spreadsheets/d/1BsfQQcO9C6DZCsRaXUlFlo91Tg2WpOkGARC1WS5S8t0/edit?usp=sharing), generated with kicad-footprint-generator")
    (tags "resistor handsolder")
    (path /5D6520CE/5D83A418/5D838645)
    (attr smd)
    (fp_text reference RY20 (at 0 1.65) (layer B.SilkS)
      (effects (font (size 1 1) (thickness 0.15)) (justify mirror))
    )
    (fp_text value 150k (at 0 -1.65) (layer B.Fab)
      (effects (font (size 1 1) (thickness 0.15)) (justify mirror))
    )
    (fp_line (start -1 -0.6) (end -1 0.6) (layer B.Fab) (width 0.1))
    (fp_line (start -1 0.6) (end 1 0.6) (layer B.Fab) (width 0.1))
    (fp_line (start 1 0.6) (end 1 -0.6) (layer B.Fab) (width 0.1))
    (fp_line (start 1 -0.6) (end -1 -0.6) (layer B.Fab) (width 0.1))
    (fp_line (start -0.261252 0.71) (end 0.261252 0.71) (layer B.SilkS) (width 0.12))
    (fp_line (start -0.261252 -0.71) (end 0.261252 -0.71) (layer B.SilkS) (width 0.12))
    (fp_line (start -1.85 -0.95) (end -1.85 0.95) (layer B.CrtYd) (width 0.05))
    (fp_line (start -1.85 0.95) (end 1.85 0.95) (layer B.CrtYd) (width 0.05))
    (fp_line (start 1.85 0.95) (end 1.85 -0.95) (layer B.CrtYd) (width 0.05))
    (fp_line (start 1.85 -0.95) (end -1.85 -0.95) (layer B.CrtYd) (width 0.05))
    (fp_text user %R (at 0 0) (layer B.Fab)
      (effects (font (size 0.5 0.5) (thickness 0.08)) (justify mirror))
    )
    (pad 2 smd roundrect (at 1.025 0) (size 1.15 1.4) (layers B.Cu B.Paste B.Mask) (roundrect_rratio 0.217391)
      (net 32 /CR_Y))
    (pad 1 smd roundrect (at -1.025 0) (size 1.15 1.4) (layers B.Cu B.Paste B.Mask) (roundrect_rratio 0.217391)
      (net 24 /AsicFM/In2P_Y))
    (model ${KISYS3DMOD}/Resistor_SMD.3dshapes/R_0805_2012Metric.wrl
      (at (xyz 0 0 0))
      (scale (xyz 1 1 1))
      (rotate (xyz 0 0 0))
    )
  )

  (module Resistor_SMD:R_0805_2012Metric_Pad1.15x1.40mm_HandSolder (layer F.Cu) (tedit 5B36C52B) (tstamp 5E84B49A)
    (at 213.521 -263.37292)
    (descr "Resistor SMD 0805 (2012 Metric), square (rectangular) end terminal, IPC_7351 nominal with elongated pad for handsoldering. (Body size source: https://docs.google.com/spreadsheets/d/1BsfQQcO9C6DZCsRaXUlFlo91Tg2WpOkGARC1WS5S8t0/edit?usp=sharing), generated with kicad-footprint-generator")
    (tags "resistor handsolder")
    (path /5D6520CE/5D5EAAA6/5D838645)
    (attr smd)
    (fp_text reference RX20 (at -0.141 -1.26708) (layer F.SilkS)
      (effects (font (size 1 1) (thickness 0.15)))
    )
    (fp_text value 150k (at 0 1.65) (layer F.Fab)
      (effects (font (size 1 1) (thickness 0.15)))
    )
    (fp_line (start -1 0.6) (end -1 -0.6) (layer F.Fab) (width 0.1))
    (fp_line (start -1 -0.6) (end 1 -0.6) (layer F.Fab) (width 0.1))
    (fp_line (start 1 -0.6) (end 1 0.6) (layer F.Fab) (width 0.1))
    (fp_line (start 1 0.6) (end -1 0.6) (layer F.Fab) (width 0.1))
    (fp_line (start -0.261252 -0.71) (end 0.261252 -0.71) (layer F.SilkS) (width 0.12))
    (fp_line (start -0.261252 0.71) (end 0.261252 0.71) (layer F.SilkS) (width 0.12))
    (fp_line (start -1.85 0.95) (end -1.85 -0.95) (layer F.CrtYd) (width 0.05))
    (fp_line (start -1.85 -0.95) (end 1.85 -0.95) (layer F.CrtYd) (width 0.05))
    (fp_line (start 1.85 -0.95) (end 1.85 0.95) (layer F.CrtYd) (width 0.05))
    (fp_line (start 1.85 0.95) (end -1.85 0.95) (layer F.CrtYd) (width 0.05))
    (fp_text user %R (at 0 0) (layer F.Fab)
      (effects (font (size 0.5 0.5) (thickness 0.08)))
    )
    (pad 2 smd roundrect (at 1.025 0) (size 1.15 1.4) (layers F.Cu F.Paste F.Mask) (roundrect_rratio 0.217391)
      (net 16 /CR_X))
    (pad 1 smd roundrect (at -1.025 0) (size 1.15 1.4) (layers F.Cu F.Paste F.Mask) (roundrect_rratio 0.217391)
      (net 8 /AsicFM/In2P_X))
    (model ${KISYS3DMOD}/Resistor_SMD.3dshapes/R_0805_2012Metric.wrl
      (at (xyz 0 0 0))
      (scale (xyz 1 1 1))
      (rotate (xyz 0 0 0))
    )
  )

  (module Resistor_SMD:R_0805_2012Metric_Pad1.15x1.40mm_HandSolder (layer F.Cu) (tedit 5B36C52B) (tstamp 5E84B456)
    (at 180.481 -255.47292 90)
    (descr "Resistor SMD 0805 (2012 Metric), square (rectangular) end terminal, IPC_7351 nominal with elongated pad for handsoldering. (Body size source: https://docs.google.com/spreadsheets/d/1BsfQQcO9C6DZCsRaXUlFlo91Tg2WpOkGARC1WS5S8t0/edit?usp=sharing), generated with kicad-footprint-generator")
    (tags "resistor handsolder")
    (path /5D96D43A)
    (attr smd)
    (fp_text reference RthB0 (at 0 -1.65 90) (layer F.SilkS)
      (effects (font (size 1 1) (thickness 0.15)))
    )
    (fp_text value 1k (at 0 1.65 90) (layer F.Fab)
      (effects (font (size 1 1) (thickness 0.15)))
    )
    (fp_line (start -1 0.6) (end -1 -0.6) (layer F.Fab) (width 0.1))
    (fp_line (start -1 -0.6) (end 1 -0.6) (layer F.Fab) (width 0.1))
    (fp_line (start 1 -0.6) (end 1 0.6) (layer F.Fab) (width 0.1))
    (fp_line (start 1 0.6) (end -1 0.6) (layer F.Fab) (width 0.1))
    (fp_line (start -0.261252 -0.71) (end 0.261252 -0.71) (layer F.SilkS) (width 0.12))
    (fp_line (start -0.261252 0.71) (end 0.261252 0.71) (layer F.SilkS) (width 0.12))
    (fp_line (start -1.85 0.95) (end -1.85 -0.95) (layer F.CrtYd) (width 0.05))
    (fp_line (start -1.85 -0.95) (end 1.85 -0.95) (layer F.CrtYd) (width 0.05))
    (fp_line (start 1.85 -0.95) (end 1.85 0.95) (layer F.CrtYd) (width 0.05))
    (fp_line (start 1.85 0.95) (end -1.85 0.95) (layer F.CrtYd) (width 0.05))
    (fp_text user %R (at 0 0 90) (layer F.Fab)
      (effects (font (size 0.5 0.5) (thickness 0.08)))
    )
    (pad 2 smd roundrect (at 1.025 0 90) (size 1.15 1.4) (layers F.Cu F.Paste F.Mask) (roundrect_rratio 0.217391)
      (net 50 /RTN_MON_B))
    (pad 1 smd roundrect (at -1.025 0 90) (size 1.15 1.4) (layers F.Cu F.Paste F.Mask) (roundrect_rratio 0.217391)
      (net 51 /TEMP_MON_B))
    (model ${KISYS3DMOD}/Resistor_SMD.3dshapes/R_0805_2012Metric.wrl
      (at (xyz 0 0 0))
      (scale (xyz 1 1 1))
      (rotate (xyz 0 0 0))
    )
  )

  (module Resistor_SMD:R_0805_2012Metric_Pad1.15x1.40mm_HandSolder (layer F.Cu) (tedit 5B36C52B) (tstamp 5E84B445)
    (at 181.181 -279.85292)
    (descr "Resistor SMD 0805 (2012 Metric), square (rectangular) end terminal, IPC_7351 nominal with elongated pad for handsoldering. (Body size source: https://docs.google.com/spreadsheets/d/1BsfQQcO9C6DZCsRaXUlFlo91Tg2WpOkGARC1WS5S8t0/edit?usp=sharing), generated with kicad-footprint-generator")
    (tags "resistor handsolder")
    (path /5D96CF58)
    (attr smd)
    (fp_text reference R40 (at -3.211 -0.00708) (layer F.SilkS)
      (effects (font (size 1 1) (thickness 0.15)))
    )
    (fp_text value c-c (at 0 1.65) (layer F.Fab)
      (effects (font (size 1 1) (thickness 0.15)))
    )
    (fp_line (start -1 0.6) (end -1 -0.6) (layer F.Fab) (width 0.1))
    (fp_line (start -1 -0.6) (end 1 -0.6) (layer F.Fab) (width 0.1))
    (fp_line (start 1 -0.6) (end 1 0.6) (layer F.Fab) (width 0.1))
    (fp_line (start 1 0.6) (end -1 0.6) (layer F.Fab) (width 0.1))
    (fp_line (start -0.261252 -0.71) (end 0.261252 -0.71) (layer F.SilkS) (width 0.12))
    (fp_line (start -0.261252 0.71) (end 0.261252 0.71) (layer F.SilkS) (width 0.12))
